 1.00922559e+001 5.26315789e-002
 7.95102487e+000 1.05263158e-001
 1.03412674e+001 1.57894737e-001
 1.02819183e+001 2.10526316e-001
 8.92207434e+000 2.63157895e-001
 9.72983079e+000 3.15789474e-001
 1.21769784e+001 3.68421053e-001
 9.74265552e+000 4.21052632e-001
 6.94736337e+000 4.73684211e-001
 9.57620210e+000 5.26315789e-001
 9.38970283e+000 5.78947368e-001
 1.27510823e+001 6.31578947e-001
 1.24243743e+001 6.84210526e-001
 9.25474823e+000 7.36842105e-001
 1.24573513e+001 7.89473684e-001
 8.13892010e+000 8.42105263e-001
 1.05181955e+001 8.94736842e-001
 1.27673107e+001 9.47368421e-001
 9.60390685e+000 1.00000000e+000
 6.23607649e+000 3.00000000e+000
