4612
4651
4645
4615
4645
4722
4780
4830
4887
4933
4921
4875
4867
4905
4938
4934
4942
4979
5028
5079
5112
5127
5130
5101
5072
5069
5100
5166
5244
5312
5349
5370
5388
5396
5388
5403
5442
5482
5506
5531
5560
5583
5568
5524
5452
5358
5303
5320
5408
5531
5624
5669
5697
5736
5811
5894
5952
5965
5943
5924
5935
5979
6035
6097
6167
6227
6256
6272
6295
6345
6413
6468
6497
6511
6514
6512
6490
6442
6390
6346
6328
6340
6362
6389
6433
6491
6541
6566
6602
6671
6765
6847
6890
6918
6962
7018
7083
7134
7173
7212
7242
7276
7332
7400
7478
7550
7618
